1 1 0	0 1 0	1904	157	1 0 1 0	0 1 0	0	2	2	1	0	0	0	1	0	0	0 0 1	0	0	0	0	0	0	0	0	0	0	0 0 1	1 0 0	0	1	0	1	0	0	0	1
0 1 1	1 0 0	505	38	0 0 1 0	0 0 0	0	3	2	1	0	0	1	0	0	0	0 0 1	0	0	0	0	0	0	0	0	0	0	0 0 1	0 0 1	1	0	0	1	1	0	1	1
1 0 1	0 0 1	185	10	1 0 0 0	0 1 0	0	3	4	1	1	0	0	1	1	0	0 0 1	0	0	0	0	2	0	0	0	0	0	0 0 1	1 1 0	1	0	1	0	0	1	1	0
1 0 1	0 0 1	333	60	1 0 1 0	1 1 0	0	0	2	1	0	0	1	0	0	0	0 0 1	0	0	0	0	1	0	0	0	0	0	0 0 1	0 0 1	1	0	1	1	1	0	1	1
0 0 1	1 0 0	0	0	0 0 0 1	0 0 1	0	0	6	1	1	1	1	1	0	1	0 1 0	0	1	1	1	0	0	0	1	1	0	1 0 0	0 1 0	1	0	1	0	1	1	1	1
0 0 1	1 0 0	23	0	0 0 0 1	0 0 1	0	2	8	1	1	1	1	1	1	1	0 1 0	1	0	0	0	0	0	0	1	1	1	0 0 1	0 0 1	0	0	0	1	0	0	0	0
0 1 1	0 0 1	249	61	0 1 0 0	0 0 1	0	3	3	1	0	0	1	0	1	0	1 1 0	0	0	0	0	0	0	0	0	0	0	1 1 0	0 1 1	0	1	0	0	0	0	0	0
1 1 0	0 1 1	0	0	0 0 0 1	0 0 1	0	0	4	1	0	1	1	1	0	0	0 1 1	1	1	1	1	5	0	0	0	0	0	1 0 0	0 1 1	0	1	1	1	1	1	1	0
1 1 0	0 0 1	0	0	1 0 1 0	0 0 1	0	0	3	0	0	1	0	1	0	0	0 1 0	0	0	0	0	1	0	0	1	0	0	0 1 0	0 1 0	0	1	1	0	1	1	0	0
0 1 1	0 0 1	93	11	1 0 0 1	1 1 0	0	3	3	1	1	0	0	1	0	0	0 0 1	0	0	0	0	0	0	0	0	0	0	0 0 1	0 0 0	0	1	0	0	1	1	1	0
0 1 0	1 0 0	1139	28	0 0 1 0	0 0 0	0	3	3	1	0	1	1	0	0	0	0 1 1	0	0	0	0	0	0	0	0	0	0	0 1 1	0 0 1	0	0	1	0	0	1	0	1
0 1 0	1 0 0	5	1	0 0 0 1	0 0 1	0	0	3	1	0	0	0	1	1	0	0 0 1	0	0	0	0	0	0	1	0	0	0	1 0 0	1 0 0	1	0	1	0	1	1	0	0
0 0 1	1 0 0	109	8	0 0 1 0	0 0 0	3	0	2	0	0	1	0	1	0	0	0 1 0	0	0	0	0	0	0	0	0	0	0	0 1 0	0 1 0	0	1	0	0	0	1	1	1
0 0 1	1 0 0	0	0	0 0 0 1	0 0 1	0	0	6	1	1	1	1	1	0	1	0 1 0	1	1	1	1	4	0	0	1	1	1	1 0 0	0 1 0	0	0	1	0	0	0	0	0
0 1 1	0 0 1	237	22	0 1 1 0	1 1 0	3	0	7	1	1	1	1	1	0	1	0 0 1	0	0	0	0	2	0	0	1	1	1	0 1 0	0 0 1	1	0	0	0	1	1	0	1
0 1 0	0 1 1	757	11	0 0 1 0	0 0 0	0	2	3	1	0	1	0	1	0	0	0 0 1	0	0	0	1	1	0	0	0	0	0	0 1 0	0 0 1	0	0	1	0	0	0	1	1
1 0 1	0 0 1	195	9	1 0 0 0	0 1 0	0	3	4	1	1	0	0	1	1	0	0 0 1	0	0	0	0	1	0	0	0	0	0	0 0 1	1 1 0	1	0	0	0	0	0	0	0
0 0 1	1 0 0	0	0	0 0 0 1	0 0 1	0	0	7	1	1	1	1	1	1	0	0 1 0	0	2	1	1	0	0	0	1	1	0	1 0 0	0 1 0	0	1	1	1	0	0	1	1
1 0 0	0 1 0	600	1	1 0 1 0	1 0 1	0	5	3	0	0	1	0	1	1	0	0 1 0	0	0	0	0	0	0	0	0	0	0	0 1 0	0 1 0	0	0	0	1	0	1	0	1
0 0 1	1 0 0	112	4	0 0 1 0	0 0 0	0	3	2	0	0	1	0	1	0	0	0 1 0	0	0	0	0	5	0	0	0	0	0	0 1 0	0 1 0	0	1	0	0	1	1	0	0
1 0 0	0 1 0	753	6	1 0 1 0	1 0 1	3	0	4	1	1	0	0	0	1	1	0 0 0	0	0	0	0	0	0	0	0	1	0	0 0 0	1 1 1	1	0	1	1	1	1	1	1
0 1 1	0 0 1	84	8	0 1 0 0	0 0 0	0	3	2	1	0	0	0	1	0	0	0 0 1	0	0	0	0	0	0	0	0	0	0	0 0 1	0 0 1	0	0	0	0	1	0	1	0
1 0 0	0 1 0	1247	7	1 0 1 0	1 0 1	0	2	3	1	0	0	1	0	1	0	0 0 1	0	0	0	0	1	0	0	1	0	0	0 0 1	1 1 0	0	0	0	0	0	1	0	1
1 0 0	0 1 0	17	1	1 0 1 0	0 0 1	0	5	7	1	0	1	1	1	1	1	0 1 0	0	0	0	0	0	0	0	1	0	0	0 1 0	0 1 0	1	0	1	0	0	0	1	1
1 0 1	0 0 1	143	90	0 1 1 0	0 1 0	0	0	2	1	1	0	0	0	0	0	0 0 0	1	0	0	0	0	0	0	0	0	0	0 0 0	0 0 0	0	0	0	0	1	1	0	1
0 1 0	0 1 1	284	8	0 0 1 0	0 0 0	0	3	3	1	0	1	1	0	0	0	0 1 1	0	0	0	0	0	0	0	0	0	0	0 1 1	0 0 1	0	0	1	1	0	0	0	1
0 1 1	0 0 1	41	6	0 1 0 0	0 0 1	0	0	2	1	0	0	0	1	0	0	0 0 1	0	1	0	0	0	0	0	0	0	0	0 0 1	0 0 1	1	0	1	0	0	1	0	1
1 0 0	0 0 1	2388	20	1 0 0 0	0 1 0	2	0	3	1	1	0	0	1	0	0	0 0 0	0	0	0	0	1	1	0	0	0	0	0 0 0	1 0 0	0	0	0	0	0	0	1	0
1 1 0	0 0 1	300	48	1 0 1 0	0 0 0	0	0	4	1	0	1	1	1	0	0	0 1 0	0	0	0	0	4	0	1	0	0	0	0 1 0	0 0 1	1	0	0	0	1	0	0	0
0 0 1	1 0 0	0	0	0 0 0 1	0 0 1	3	0	3	0	0	1	1	0	1	0	0 1 0	0	0	0	0	0	0	0	1	0	0	0 1 0	0 1 0	0	0	0	0	1	1	1	0
0 1 1	0 0 1	132	10	0 1 1 0	0 0 1	0	9	2	0	0	1	0	1	0	0	0 1 0	0	1	0	1	0	0	0	0	0	0	0 1 0	0 1 0	0	1	0	0	0	0	1	1
1 0 0	0 1 0	30	1	1 0 1 0	1 0 1	2	0	4	1	1	1	0	1	0	0	0 1 0	0	0	0	0	0	0	0	1	0	0	0 0 0	0 1 0	0	1	1	0	0	0	0	1
1 0 0	0 0 1	583	17	1 0 1 0	1 0 1	0	5	4	1	1	0	0	1	1	0	0 0 1	1	0	0	0	0	0	0	1	0	0	1 1 0	0 0 0	0	1	0	1	1	1	0	0
1 0 0	0 1 0	391	8	1 0 1 0	1 0 1	0	7	5	1	1	0	1	1	1	0	0 0 0	0	0	0	0	1	0	1	1	1	0	0 0 0	0 0 0	1	1	0	0	0	0	0	0
0 0 1	1 0 0	2176	0	0 1 1 0	0 0 1	0	0	2	1	0	0	0	1	0	0	1 0 0	1	0	0	0	0	0	0	0	0	0	1 0 0	0 0 1	0	1	0	0	0	1	0	0
1 0 1	0 0 1	11	0	1 0 0 0	0 1 0	0	0	2	0	0	0	0	1	0	1	1 1 1	0	0	0	0	0	0	0	0	0	0	1 0 0	1 1 1	1	0	0	0	1	1	0	0
1 0 0	0 0 1	637	5	1 0 1 0	0 1 0	0	0	2	0	0	1	0	1	0	0	0 1 0	0	0	0	0	1	0	0	0	0	0	0 1 0	0 1 0	1	0	0	1	0	1	1	1
1 0 1	0 0 1	236	3	1 0 1 0	1 1 0	0	3	3	1	0	1	0	1	0	0	0 0 1	1	0	0	0	0	0	0	0	0	0	0 0 1	0 0 1	0	1	0	1	1	1	1	1
1 0 0	0 1 0	26	5	1 0 1 0	1 0 1	3	0	4	1	1	0	1	0	1	0	0 0 1	0	0	0	0	0	0	0	0	0	1	0 0 1	0 0 0	1	0	0	0	1	1	1	0
0 1 1	0 0 1	337	5	1 0 0 1	0 0 1	0	0	2	0	0	1	0	1	0	0	1 0 0	0	1	0	0	0	0	0	0	0	0	1 0 0	1 0 0	0	0	1	1	1	0	0	1
0 0 1	1 0 0	0	0	0 0 0 1	0 0 1	0	1	5	1	0	1	1	1	1	0	0 0 1	0	0	0	0	1	0	1	0	0	0	1 1 0	0 0 1	0	0	0	0	0	1	1	1
1 0 1	0 0 1	678	35	1 0 1 0	0 1 1	0	0	3	1	0	1	0	1	0	0	0 0 1	0	0	0	1	14	0	0	1	1	0	0 1 0	0 0 1	0	0	0	1	1	0	1	1
1 0 1	0 0 1	1648	39	0 1 1 0	0 1 0	0	3	3	1	1	0	0	1	0	0	0 0 1	0	0	0	0	0	0	0	1	0	1	0 0 0	0 0 1	0	1	0	1	0	0	1	0
0 1 0	0 1 1	8512	119	0 1 1 0	0 0 0	0	0	4	0	1	1	1	1	0	0	0 0 0	1	0	0	0	22	0	0	0	0	1	0 0 0	0 0 0	0	0	0	1	0	1	1	0
1 0 1	0 0 1	21	4	1 0 1 0	1 1 1	0	2	2	0	0	1	0	1	0	0	1 0 0	0	0	0	0	1	0	0	0	0	0	0 1 0	0 1 0	0	1	0	1	0	1	0	1
0 1 0	0 1 1	407	3	0 0 1 0	0 0 0	0	3	6	1	1	1	1	1	1	0	0 0 1	1	0	0	0	1	0	0	1	1	1	0 0 1	0 1 0	1	0	0	0	0	1	1	0
0 0 1	1 0 0	19	0	0 0 0 1	0 0 1	0	3	3	0	0	1	1	0	1	0	0 1 0	0	0	0	0	0	0	1	0	0	0	0 1 0	0 1 0	0	0	0	0	1	0	1	1
0 0 1	1 0 0	0	0	0 0 0 1	0 0 1	0	0	4	0	0	1	1	1	1	0	0 1 0	0	0	0	0	0	0	1	0	0	0	0 1 0	0 1 0	1	0	0	1	1	1	1	1
0 1 0	0 1 1	1099	6	0 0 1 0	0 0 0	0	3	3	1	1	0	1	0	0	0	0 0 1	0	0	0	0	0	0	0	0	0	0	0 0 1	0 0 0	0	0	0	1	0	1	0	0
1 0 0	0 0 1	1222	31	1 0 1 0	0 0 1	0	3	3	1	1	0	1	0	0	0	0 0 0	0	0	0	0	0	0	0	0	0	0	0 0 0	0 0 1	0	0	1	1	0	1	0	1
1 1 0	0 1 0	1	0	1 0 1 0	0 0 1	0	0	2	1	0	0	0	1	0	0	0 0 1	0	1	0	1	0	0	0	0	0	0	1 0 0	0 0 1	1	0	1	0	1	0	1	1
1 0 0	0 1 0	342	2	1 0 1 0	1 0 1	0	0	3	1	1	0	1	0	0	0	0 0 1	0	0	0	0	1	0	0	1	1	0	0 0 1	0 0 1	0	0	1	0	0	1	1	1
0 1 1	1 0 0	0	0	0 0 0 1	0 0 1	0	1	3	1	0	0	1	1	0	0	1 0 0	0	0	0	0	0	0	0	1	0	0	1 0 0	0 0 1	0	1	0	0	0	0	1	0
1 0 0	0 1 0	587	9	1 0 1 0	0 0 1	1	2	3	1	1	0	0	1	0	0	0 0 1	0	0	0	0	0	0	0	0	0	0	1 0 0	0 0 0	0	1	1	0	0	1	1	0
0 0 1	1 0 0	49	6	0 0 1 0	0 0 0	0	0	3	1	0	1	0	1	0	0	0 1 0	0	1	0	0	0	0	0	0	0	0	0 1 0	0 1 0	0	0	1	1	0	0	0	0
1 1 0	0 1 0	18	1	0 0 0 1	0 0 1	0	0	7	1	1	1	1	1	0	1	0 1 0	0	2	1	1	0	0	0	1	1	0	1 0 0	0 1 0	0	0	1	1	1	0	0	0
1 0 1	0 0 1	333	13	1 0 1 0	0 1 0	0	14	4	1	0	1	1	1	0	0	0 0 1	0	0	0	1	1	1	0	0	0	0	0 1 0	1 0 0	0	1	1	0	1	0	0	0
0 0 1	1 0 0	51	2	0 0 1 0	0 0 0	0	5	3	1	0	1	0	1	0	0	0 1 0	0	0	0	0	0	0	0	0	0	0	0 1 0	0 1 0	0	0	1	0	1	0	0	1
0 1 1	1 0 0	92	10	0 1 1 0	0 0 0	0	0	5	1	1	1	1	1	0	0	0 0 1	1	0	0	0	0	0	0	1	0	0	0 0 0	0 0 1	1	0	0	0	1	0	1	0
0 1 1	0 0 1	324	4	0 1 1 0	0 0 1	0	0	3	1	0	1	0	1	0	0	0 0 1	0	1	0	0	0	0	0	0	0	0	0 0 1	0 0 1	1	0	0	0	0	0	0	1
1 0 1	0 0 1	84	1	1 0 0 0	0 1 0	1	3	4	1	1	0	0	1	1	0	0 0 0	0	0	0	0	0	0	0	0	0	0	0 0 1	1 1 0	1	0	1	1	0	0	0	1
1 0 0	1 0 0	111	1	1 0 1 0	1 0 1	0	11	3	1	0	1	0	1	0	0	0 0 1	0	0	0	1	1	0	0	0	0	0	0 1 0	0 0 1	0	1	1	0	0	0	1	0
0 1 0	1 0 0	912	15	0 0 1 0	0 0 0	0	3	7	1	1	1	1	1	1	1	0 0 1	0	0	0	0	7	0	0	1	1	0	0 1 1	0 0 1	1	0	1	1	1	0	1	0
1 0 0	1 0 0	239	14	0 0 0 1	1 0 1	0	3	4	1	1	0	1	0	1	0	0 0 1	0	0	0	0	1	0	0	0	0	0	0 0 1	0 0 0	0	1	0	0	0	0	0	1
1 0 0	1 0 0	4	0	0 1 1 0	0 0 0	1	2	5	1	1	0	1	0	1	1	0 1 1	0	0	0	0	1	0	0	0	1	0	0 0 1	0 0 0	0	0	0	1	1	1	1	1
0 1 0	0 1 1	178	3	0 0 1 0	0 0 0	0	9	3	0	0	1	1	1	0	0	1 0 0	0	0	0	1	1	0	0	0	0	0	1 0 0	1 0 0	1	0	1	1	0	1	0	0
0 0 1	1 0 0	128	3	0 0 1 0	0 0 0	0	3	2	0	0	1	0	1	0	0	0 1 0	0	0	0	0	0	0	0	0	0	0	0 1 0	0 1 0	0	1	1	1	1	0	1	1
0 1 1	0 0 1	0	0	0 1 0 0	0 0 0	0	2	3	1	0	1	1	0	0	0	0 0 1	0	0	0	0	0	0	0	1	0	0	0 1 0	0 0 1	0	1	1	0	0	1	0	0
1 1 0	0 0 1	1	0	1 0 1 0	0 0 1	0	0	2	0	0	1	0	1	0	0	0 1 0	0	0	0	0	4	0	0	0	0	0	0 1 0	0 1 0	0	1	1	1	0	0	0	0
1 0 1	0 0 1	1566	2	1 0 1 0	1 1 0	3	0	3	1	0	1	1	0	0	0	0 0 1	2	0	0	0	1	1	1	1	0	0	0 0 1	0 0 1	0	1	1	1	0	0	1	0
1 0 0	0 1 0	945	18	1 0 1 0	1 0 1	0	0	4	0	1	1	1	0	1	0	0 0 0	0	0	0	0	0	0	1	0	0	0	0 0 0	0 1 0	1	0	1	0	1	0	0	0
0 1 1	0 0 1	128	15	0 1 0 1	1 1 0	0	0	3	1	0	1	0	1	0	0	1 0 0	0	0	0	0	0	0	1	0	0	0	1 0 0	0 0 1	0	0	1	0	1	1	0	0
1 0 0	1 0 0	274	7	0 0 1 1	1 0 1	0	2	3	1	1	0	1	0	0	0	0 0 1	0	0	0	0	1	0	0	0	0	0	0 0 1	0 0 0	0	0	0	1	1	0	1	0
1 1 0	0 1 0	15	0	0 1 1 0	0 0 1	0	0	4	1	1	0	1	0	1	0	0 0 1	0	0	0	0	0	0	1	0	1	0	1 1 0	0 0 0	1	0	1	1	1	0	0	0
0 0 1	1 0 0	0	0	0 0 0 1	0 0 1	0	0	6	1	1	1	1	1	1	0	0 0 0	1	0	0	0	10	0	0	0	1	0	0 0 0	0 0 0	0	0	1	0	1	1	1	1
1 0 0	0 1 0	118	6	1 0 1 0	1 0 1	0	3	3	1	1	0	0	0	1	0	0 0 1	0	0	0	0	1	0	0	0	0	0	1 1 0	0 0 0	0	1	1	0	0	1	1	1
1 0 0	1 0 0	1031	2	1 0 0 0	0 1 0	0	0	2	0	1	0	1	0	0	0	0 0 0	0	0	0	0	1	1	0	0	0	0	0 0 0	0 0 0	0	1	1	0	1	1	0	1
1 0 1	0 0 1	121	18	1 0 1 0	1 1 0	0	5	3	1	0	1	0	1	0	0	0 1 0	1	0	0	0	1	0	0	0	0	0	0 1 0	0 1 0	0	1	1	1	1	1	1	1
0 0 1	1 0 0	21	5	0 0 1 0	0 0 0	0	3	2	0	0	1	0	1	0	0	0 1 0	0	0	0	0	0	0	0	0	0	0	0 1 0	0 1 0	0	0	1	1	0	0	1	1
1 0 1	0 0 1	98	2	1 0 0 0	0 1 0	0	3	4	1	1	0	0	1	1	0	1 1 0	0	0	0	0	1	0	1	0	0	0	1 1 0	0 0 0	0	1	0	1	1	0	1	0
1 0 1	0 0 1	47	1	1 0 1 0	0 1 1	0	0	4	1	0	0	0	1	1	1	1 0 1	4	0	0	0	0	0	0	0	1	0	1 0 1	0 0 1	0	0	0	1	0	0	1	1
1 0 0	1 0 0	323	7	0 0 1 1	1 0 1	3	0	3	1	1	0	0	1	0	0	1 0 0	0	0	0	0	0	0	0	0	0	0	0 0 1	0 0 0	0	1	0	1	0	1	1	1
1 0 1	0 0 1	6	0	1 0 1 0	0 1 0	0	0	4	1	0	0	1	1	1	0	0 1 1	0	0	0	0	0	0	1	1	1	1	1 0 0	0 1 1	0	0	0	1	1	0	0	0
1 0 0	0 0 1	925	56	1 0 1 0	0 1 0	3	0	2	0	1	0	0	1	0	0	0 0 0	0	0	0	0	0	0	0	0	0	0	0 0 0	0 0 0	0	1	1	1	1	1	0	1
1 1 0	0 1 1	0	0	0 0 0 1	0 0 1	0	0	4	1	0	1	0	1	0	0	0 1 0	1	1	1	1	15	0	0	0	0	0	1 0 0	0 1 0	0	0	1	0	1	0	0	0
1 0 0	0 1 0	2	0	0 0 1 1	0 1 0	0	0	2	0	1	0	0	1	0	0	0 0 0	0	0	0	0	4	1	0	0	0	0	0 0 0	0 0 0	0	0	1	0	0	1	1	0
1 0 0	0 0 1	0	0	0 1 1 0	0 0 0	0	3	4	1	1	0	1	0	1	0	0 0 0	0	0	0	0	2	0	1	0	0	0	0 0 0	0 0 0	1	0	0	1	0	0	0	0
1 0 1	0 0 1	1	5	0 1 1 1	0 1 1	0	0	6	1	1	1	1	1	0	1	0 1 0	1	1	1	1	0	0	0	1	1	1	1 0 0	0 1 0	0	1	0	0	1	1	0	1
1 0 1	0 0 1	372	118	1 0 0 1	1 1 1	0	0	2	1	0	0	0	1	0	0	1 0 0	1	0	0	0	1	0	0	0	0	0	1 0 0	1 0 0	0	1	0	1	1	0	0	1
1 0 0	0 0 1	474	8	0 0 1 1	0 0 1	3	0	3	1	1	0	1	0	0	0	0 1 1	0	0	0	0	1	0	0	0	0	0	0 0 0	0 1 1	0	0	0	1	1	1	0	1
1 0 1	0 0 1	1	0	1 0 0 0	0 1 0	0	0	2	1	0	0	0	1	0	0	0 0 1	0	0	0	0	0	0	0	0	0	0	1 0 0	0 0 1	0	0	0	0	1	1	0	0
0 1 0	0 1 1	1285	14	0 0 1 0	0 0 0	3	0	2	1	0	0	0	1	0	0	0 0 1	0	0	0	0	0	0	0	0	0	0	0 0 1	0 0 1	1	0	0	0	0	1	1	1
1 1 0	0 1 1	0	0	0 0 0 1	0 0 1	0	0	5	1	0	1	1	1	0	1	0 1 0	0	0	0	0	0	0	1	1	1	0	0 1 0	0 0 1	0	0	0	0	0	0	1	1
0 1 0	1 0 0	215	1	0 0 0 1	1 0 0	0	0	5	1	1	0	1	1	1	0	0 0 0	0	0	0	0	0	0	1	0	0	0	1 1 0	0 0 0	0	1	0	0	1	0	1	0
0 1 0	1 0 0	63	0	0 1 1 0	0 0 1	0	5	4	1	1	0	1	1	0	0	0 0 1	0	0	0	0	1	0	0	0	0	0	0 0 0	0 0 0	1	0	1	0	0	0	1	0
0 0 1	1 0 0	9363	231	0 0 0 1	0 0 1	0	13	3	1	0	1	0	1	0	0	1 0 0	0	0	0	1	50	0	0	0	0	0	0 1 0	0 0 1	1	0	1	1	0	1	1	0
1 1 0	0 1 0	0	0	1 0 1 0	0 0 1	0	3	3	0	0	1	1	1	0	0	0 1 0	0	0	0	0	1	0	0	0	0	0	0 1 0	0 1 0	0	1	1	1	0	1	1	0
0 1 1	0 0 1	41	14	0 1 1 0	0 0 1	0	3	3	1	0	1	0	1	0	0	0 0 1	0	0	0	0	0	0	0	0	0	0	0 0 1	0 1 0	0	1	1	1	1	0	0	0
1 0 1	0 0 1	66	15	1 0 1 0	0 1 1	2	0	4	0	1	0	1	0	0	1	0 1 1	0	0	0	0	0	0	0	1	1	0	0 1 1	0 1 1	1	0	0	1	1	1	0	0
0 0 1	1 0 0	0	0	0 1 1 0	0 0 1	0	1	3	1	0	1	0	1	0	0	1 0 0	0	0	0	0	6	0	0	0	0	0	1 0 0	1 0 0	0	1	1	1	1	0	0	1
0 1 1	0 0 1	256	22	0 1 1 0	1 1 0	0	3	4	1	0	1	1	1	0	0	0 0 1	0	0	0	0	1	0	0	0	0	0	0 1 0	0 0 1	1	0	1	1	1	1	0	1
0 0 1	1 0 0	0	0	0 0 0 1	0 0 1	5	0	4	0	1	1	1	1	0	0	0 0 0	0	0	0	0	0	0	0	1	1	1	0 1 0	0 0 0	1	0	1	0	0	0	0	0
0 1 1	0 0 1	0	0	0 1 1 0	0 0 0	2	0	4	1	0	0	1	1	1	0	0 1 1	0	0	0	0	0	0	0	1	0	0	0 1 1	1 0 0	1	0	1	1	1	0	0	1
0 0 1	1 0 0	0	0	0 0 0 1	0 0 1	0	1	3	0	0	1	0	1	0	1	1 0 0	0	0	0	0	0	0	0	0	1	0	1 0 0	0 1 0	0	0	0	0	0	1	1	0
1 0 0	0 0 1	57	2	0 0 1 1	1 1 1	0	5	4	1	1	0	1	1	0	0	0 0 0	0	0	0	1	1	0	0	0	0	0	0 0 1	0 0 0	1	0	1	0	1	0	1	0
0 1 1	0 0 1	31	10	0 1 1 0	0 0 0	3	0	3	1	0	0	1	0	1	0	0 1 1	0	0	0	0	0	0	0	0	0	0	1 1 0	0 0 1	0	0	0	0	1	1	1	1
1 0 0	0 0 1	22	0	0 0 1 1	0 1 0	0	0	4	1	1	1	0	1	0	0	0 1 0	0	0	0	0	1	0	1	0	0	0	1 0 0	0 0 0	0	0	1	0	1	1	1	0
1 0 0	0 0 1	1760	3	1 0 0 0	0 1 0	0	0	1	0	1	0	0	0	0	0	0 0 0	0	0	0	0	0	0	0	0	0	0	0 0 0	0 0 0	0	1	1	0	0	0	1	1
1 1 0	0 0 1	0	0	0 0 0 1	0 0 1	0	0	7	1	1	1	1	1	0	1	0 1 0	0	0	0	0	0	0	0	1	1	1	0 0 1	0 0 1	0	1	0	0	0	1	1	0
0 1 1	0 0 1	301	57	0 1 1 0	0 0 0	3	0	3	1	1	0	0	1	0	0	1 0 0	0	0	0	0	0	0	0	0	0	0	0 0 0	0 0 1	0	1	0	1	0	1	1	0
0 1 1	0 0 1	108	17	0 1 0 0	1 1 0	0	3	3	1	0	0	1	0	1	0	0 1 1	0	0	0	0	0	0	0	1	0	0	1 1 0	0 1 1	0	0	1	1	1	1	1	1
0 1 1	0 0 1	29	3	0 1 1 0	1 1 0	0	0	3	1	0	0	1	0	1	0	0 0 1	0	0	0	0	1	0	0	0	1	0	0 0 1	0 0 1	0	0	0	0	0	0	0	1
0 1 0	1 0 0	91	0	0 0 1 1	0 0 0	3	0	3	1	0	1	0	1	0	0	1 0 0	0	0	0	0	0	0	0	0	0	0	0 1 0	0 0 1	0	0	1	1	1	0	1	1
1 0 1	0 0 1	10	3	1 0 0 0	0 1 0	0	2	4	1	1	0	0	1	0	1	0 0 1	0	0	0	0	0	0	0	0	1	0	0 0 1	0 0 1	0	1	1	0	0	0	0	0
1 0 0	1 0 0	10	1	0 0 0 1	1 0 1	0	5	4	1	1	1	0	1	0	0	0 0 1	0	0	0	0	0	0	0	0	0	0	0 0 1	0 0 0	0	0	1	1	1	1	1	0
1 0 1	0 0 1	1	3	0 1 1 1	0 1 1	0	2	2	1	0	0	0	1	0	0	1 0 0	0	0	0	0	5	1	0	0	0	0	0 0 1	1 0 0	1	0	0	1	0	1	0	1
1 0 1	0 0 1	435	14	1 0 0 0	0 1 0	0	3	4	1	1	0	0	1	1	0	0 0 1	0	0	0	0	3	0	0	0	0	0	0 0 1	1 1 0	0	1	0	1	0	0	1	1
0 1 0	0 1 1	12	0	0 0 0 1	0 0 1	0	0	6	1	1	1	1	1	0	0	0 1 0	1	1	1	1	0	0	0	1	1	1	1 0 0	0 1 0	0	0	1	1	0	1	1	1
0 1 1	1 0 0	103	0	0 1 1 0	0 0 1	0	0	3	1	0	1	0	1	0	0	0 1 0	0	1	0	0	0	0	0	0	0	0	0 1 0	0 1 0	0	1	0	0	1	1	1	1
0 1 1	0 0 1	43	5	0 1 1 0	0 0 1	0	0	2	1	0	0	0	1	0	0	0 0 1	0	1	0	0	0	0	0	0	0	0	0 0 1	0 0 1	0	0	1	0	1	1	0	1
1 0 1	0 0 1	648	16	1 0 1 0	0 1 0	0	3	5	1	1	0	1	1	1	0	0 0 0	0	0	0	0	1	0	0	1	0	0	1 1 0	0 0 0	0	0	0	0	0	0	0	0
1 0 0	0 0 1	113	3	0 0 1 1	1 0 1	0	0	2	1	1	0	0	0	0	0	0 0 0	0	0	0	0	1	0	0	0	0	0	0 0 0	0 0 0	0	0	0	1	0	0	0	1
0 1 1	0 0 1	111	9	0 1 0 1	1 1 0	0	3	5	1	1	1	1	1	0	0	0 0 1	0	0	0	0	1	0	0	1	1	0	1 0 0	0 0 1	0	0	0	1	1	0	0	1
1 0 1	0 0 1	9561	1008	0 1 1 1	1 1 0	0	0	2	1	0	0	1	0	0	0	0 0 1	0	0	0	0	5	0	0	0	0	0	0 0 1	0 0 1	0	0	1	0	0	1	0	0
0 1 1	0 0 1	450	8	0 1 1 0	0 0 1	0	0	2	0	0	1	1	0	0	0	0 1 0	0	1	0	0	0	0	0	0	0	0	0 1 0	0 1 0	1	0	1	0	0	1	0	0
0 0 1	1 0 0	115	10	0 0 1 0	1 1 0	0	5	3	1	0	1	0	1	0	0	0 1 0	0	0	0	0	1	0	1	0	0	0	0 1 0	0 1 0	0	0	1	0	1	0	1	0
1 0 0	0 1 1	0	0	0 0 0 1	0 0 1	0	0	7	1	1	1	1	1	0	1	0 1 0	0	1	1	1	0	0	0	1	0	0	1 0 0	0 1 0	1	0	0	1	1	1	0	1
0 1 1	1 0 0	1	0	0 1 1 0	0 0 1	0	0	3	1	0	1	0	1	0	0	1 0 0	0	1	0	0	0	0	0	0	0	0	1 0 0	1 0 0	0	0	1	1	0	1	1	0
1 0 0	1 0 0	36	1	0 1 1 0	1 0 1	1	2	4	1	1	0	1	0	1	0	0 1 1	0	0	0	0	1	0	0	0	0	0	0 0 1	0 0 0	0	1	0	0	1	0	0	1
1 0 0	0 1 0	1221	29	0 1 1 0	0 0 1	0	3	5	1	1	1	0	1	0	1	1 0 1	0	1	1	0	0	0	0	0	0	0	1 0 1	0 1 0	1	0	0	1	1	0	0	0
1 0 0	0 1 0	268	1	1 0 1 0	1 0 1	0	3	3	0	1	1	1	0	0	0	0 0 0	0	0	0	0	0	0	0	0	0	0	0 0 0	0 1 0	0	0	1	1	1	1	0	1
1 0 1	0 0 1	22402	274	0 1 0 1	1 1 0	0	0	2	1	0	0	1	0	0	0	0 0 1	0	0	0	0	1	0	0	1	0	0	0 0 1	0 0 1	1	0	1	1	0	1	1	1
0 1 1	0 0 1	0	0	0 1 1 0	0 0 0	3	0	3	1	0	1	1	0	0	0	0 1 1	0	0	0	0	0	0	0	0	0	0	0 1 0	0 0 1	0	0	0	0	0	1	0	0
0 1 1	1 0 0	70	3	0 0 0 1	0 0 0	3	0	3	0	1	0	0	1	0	1	1 0 0	0	0	0	0	0	0	0	0	0	0	0 0 0	1 0 1	0	1	0	1	0	1	0	0
1 0 0	1 0 0	1240	7	0 0 1 1	0 1 0	3	0	3	1	1	0	1	0	0	0	0 1 1	0	0	0	0	0	0	0	0	0	0	0 0 0	0 0 1	0	1	1	0	1	0	1	0
1 0 0	0 1 0	0	0	0 0 0 1	0 0 1	0	0	3	1	1	0	0	1	0	0	0 0 1	0	0	0	0	0	0	0	0	0	0	0 0 1	0 0 0	1	0	0	1	0	0	1	1
0 1 1	0 0 1	547	54	0 0 1 1	0 0 0	3	0	3	1	0	1	0	1	0	0	1 0 0	0	0	0	0	0	0	0	0	0	0	0 1 0	0 0 1	0	0	1	1	1	0	1	0
0 1 0	1 0 0	76	2	0 0 1 0	0 0 0	0	0	3	1	0	1	0	1	0	0	0 0 1	0	0	0	4	2	0	0	0	0	0	1 0 0	1 0 0	1	0	0	0	0	1	0	0
1 0 0	0 0 1	623	2	1 0 1 0	1 0 1	1	0	5	1	1	1	1	1	0	0	0 1 1	0	0	0	0	1	0	0	0	0	0	0 1 0	0 1 1	0	0	1	0	0	0	0	1
1 0 1	0 0 1	212	1	1 0 0 0	0 1 0	0	2	3	1	1	0	0	1	0	0	0 0 1	0	0	0	0	0	0	0	1	0	0	0 0 1	0 0 0	1	0	0	0	0	0	1	0
1 1 0	0 0 1	0	0	0 0 0 1	0 0 1	0	0	4	1	0	1	1	1	0	0	0 0 1	0	0	0	0	1	0	0	1	1	0	0 0 1	0 1 0	0	1	0	1	1	1	0	1
1 0 0	0 1 0	783	12	1 0 1 0	1 0 1	0	5	5	1	1	0	1	1	1	0	0 1 1	0	0	0	0	1	0	1	1	0	0	0 0 0	0 1 1	0	1	1	1	0	1	0	1
1 0 1	0 0 1	140	16	1 0 1 0	1 0 0	0	0	3	0	0	1	0	1	0	1	1 1 1	0	0	0	0	2	1	0	0	0	0	0 1 0	0 1 0	0	1	1	1	0	1	1	1
0 1 1	0 0 1	9	1	0 1 1 0	0 0 1	0	0	3	0	1	0	1	1	0	0	1 0 0	0	0	0	0	0	0	0	1	1	0	1 0 0	1 0 0	0	0	1	0	1	0	1	1
1 0 0	0 1 0	28	4	1 0 1 0	1 0 1	0	0	3	1	1	0	0	1	0	0	0 0 1	1	0	1	0	3	0	0	0	0	0	1 0 0	1 0 0	0	0	0	1	1	1	0	0
1 0 0	0 1 0	2	1	0 0 0 1	1 0 0	0	4	4	1	1	1	1	0	0	0	0 0 1	0	0	0	0	0	0	0	0	0	0	0 0 1	0 0 0	0	1	1	0	1	1	1	0
0 0 1	1 0 0	11	2	0 0 0 1	0 0 1	0	0	3	0	1	0	1	0	1	0	0 0 0	0	0	1	0	0	0	1	0	0	0	0 1 1	0 1 1	0	1	0	1	1	0	0	0
1 0 0	0 0 1	28	0	1 0 1 0	1 0 1	0	3	4	1	1	1	0	1	0	0	0 0 0	0	0	0	0	0	0	1	0	0	0	0 0 0	0 0 1	0	0	1	1	0	1	0	0
1 0 0	0 0 1	2506	20	1 0 0 0	0 1 0	0	3	4	1	1	0	0	1	1	0	0 0 1	0	0	0	0	0	0	1	0	0	0	0 0 1	1 1 0	1	0	1	0	0	0	0	1
1 0 0	0 0 1	1001	47	1 0 0 0	0 1 0	0	3	4	1	0	0	1	1	1	0	1 1 0	0	0	0	0	0	0	0	0	1	1	0 0 1	1 1 0	0	0	1	1	0	0	1	0
1 0 1	0 0 1	3268	684	0 1 1 0	1 0 0	0	3	4	0	1	1	0	1	0	1	1 0 1	1	0	0	0	0	0	0	1	0	0	1 0 1	0 0 0	0	1	0	1	0	0	0	0
0 1 1	1 0 0	245	56	0 0 0 1	0 0 1	0	0	3	1	0	1	0	1	0	0	0 0 1	0	1	1	0	0	0	0	0	0	0	1 0 0	0 0 1	1	0	1	1	0	0	1	1
0 0 1	1 0 0	0	0	0 0 0 1	0 0 1	0	0	6	1	1	1	1	1	1	0	0 0 1	1	1	1	1	0	0	0	1	1	0	1 0 0	0 0 1	0	0	0	1	0	0	1	0
1 0 1	0 0 1	0	0	1 0 1 0	0 1 0	0	0	3	1	1	0	0	1	0	0	0 0 1	0	0	0	0	0	1	0	0	0	0	0 0 1	0 0 1	0	1	1	0	1	0	0	1
1 1 0	0 1 1	3	0	0 0 0 1	0 0 1	0	0	3	1	0	1	0	1	0	0	0 0 1	0	0	0	1	5	0	0	0	0	0	0 1 0	0 0 1	1	0	1	1	1	1	0	0
1 0 1	0 0 1	36	18	0 1 1 1	0 1 1	0	0	3	1	0	1	0	1	0	0	0 0 1	1	0	0	1	1	0	0	0	0	0	0 1 0	0 0 1	1	0	1	0	0	1	1	1
0 0 1	1 0 0	9976	24	0 0 0 1	0 0 1	2	0	2	1	0	0	0	1	0	0	0 0 1	0	0	0	0	0	0	0	0	1	0	0 0 1	0 0 1	0	0	0	1	1	1	1	0
0 1 0	0 1 1	2777	28	0 0 1 0	0 0 0	0	3	2	0	0	1	0	1	0	0	0 1 0	0	0	0	0	0	0	0	0	0	0	0 1 0	0 1 0	0	0	0	0	1	0	0	0
0 1 1	0 0 1	0	0	1 0 1 0	0 0 0	2	0	3	1	0	0	0	1	1	0	0 0 1	0	1	0	0	0	0	0	1	0	0	1 0 0	0 0 1	0	1	1	0	1	0	1	1
1 0 1	0 0 1	99	39	1 0 1 0	1 1 1	0	0	4	1	0	1	0	1	1	0	1 0 0	1	0	0	0	0	0	0	1	0	0	1 0 0	1 0 0	1	0	0	1	1	0	0	1
0 0 1	1 0 0	9	3	0 0 1 0	0 0 0	0	5	3	1	0	1	0	1	0	0	0 0 1	0	0	0	0	1	0	1	0	0	0	0 0 1	0 0 1	1	0	0	0	1	0	1	1
1 0 0	0 1 0	905	28	1 0 1 0	1 0 1	0	0	4	1	1	0	1	0	0	1	0 0 0	1	0	0	0	0	0	0	1	1	0	0 0 0	0 0 0	1	0	1	1	1	1	1	0
1 0 1	0 0 1	514	49	1 0 1 0	0 1 1	0	5	3	1	0	1	0	1	0	0	0 0 1	0	0	0	0	0	0	0	0	0	0	0 0 1	0 0 1	1	0	1	0	1	0	0	1
1 0 0	0 0 1	1284	4	0 0 1 1	1 0 1	3	0	3	1	0	1	1	0	0	0	0 1 1	0	0	0	0	0	0	0	0	0	0	0 1 0	0 0 1	0	0	1	0	0	0	1	0
1 1 0	0 1 0	463	3	0 0 0 1	1 0 1	0	0	4	1	0	0	1	1	1	0	1 1 0	0	0	0	0	5	0	1	0	1	0	0 0 1	1 1 0	1	0	0	0	0	1	0	1
0 0 1	1 0 0	0	0	0 0 0 1	0 0 1	0	0	6	1	1	1	1	1	0	1	0 1 0	0	1	1	1	0	0	0	1	1	1	1 0 0	0 1 0	0	0	0	1	0	1	1	1
0 0 1	1 0 0	1973	77	0 0 1 0	0 0 0	3	0	4	1	1	0	0	1	0	1	0 0 0	0	0	0	0	0	0	0	0	1	0	0 0 0	0 0 1	0	1	1	0	1	1	1	1
1 1 0	0 1 0	7690	15	0 0 0 1	0 0 1	0	0	3	1	0	1	0	1	0	0	0 1 0	0	1	1	1	6	0	0	0	0	0	1 0 0	0 1 0	0	0	0	0	1	0	0	1
1 1 0	0 1 0	0	0	0 0 0 1	0 0 1	0	0	5	1	0	1	1	1	0	0	0 1 0	0	1	1	1	9	0	0	0	0	0	1 0 0	0 1 0	1	0	1	1	0	0	0	0
1 0 1	0 0 1	2150	9	1 0 0 0	0 1 0	0	0	2	0	1	0	0	1	0	0	0 0 0	0	0	0	0	0	0	0	1	0	1	0 0 0	0 0 0	1	0	0	1	0	0	0	1
0 1 1	0 0 1	313	36	0 1 0 1	1 1 0	0	2	2	1	0	0	0	1	0	0	1 0 0	0	0	0	0	0	0	0	0	0	0	1 0 0	0 0 1	1	0	0	0	1	0	0	1
1 1 0	0 1 1	4	0	0 0 1 1	0 0 0	0	3	5	1	0	1	1	1	1	0	0 0 1	1	0	0	0	1	0	0	1	0	0	0 0 1	0 0 1	0	0	1	1	1	1	0	0
1 0 0	0 0 1	1267	5	0 0 1 1	0 1 0	0	3	3	0	1	0	0	1	0	1	1 0 1	1	0	0	0	0	0	0	0	0	0	1 0 1	0 0 0	0	1	1	1	1	1	0	0
1 0 0	1 0 0	72	3	0 0 0 1	1 0 1	0	3	3	0	1	1	0	1	0	0	0 0 0	0	0	0	0	0	0	0	0	0	0	0 0 0	0 1 0	1	0	0	1	0	1	0	0
1 0 0	1 0 0	447	20	1 0 0 0	0 1 0	0	0	2	1	1	0	0	0	0	0	0 0 1	0	0	0	0	1	0	0	0	0	0	0 0 1	0 0 1	0	1	1	1	0	1	0	0
0 0 1	1 0 0	28	6	0 0 1 1	0 0 0	2	0	2	1	0	0	0	0	1	0	1 1 0	0	0	0	0	0	0	0	0	0	0	1 1 0	0 0 1	0	1	0	0	1	0	1	1
1 0 0	1 0 0	196	6	0 0 1 1	0 1 0	3	0	3	1	1	0	1	0	0	0	0 0 0	0	0	0	0	1	0	0	0	0	0	0 0 0	0 0 1	1	0	0	1	0	0	1	0
1 0 0	0 0 1	164	7	1 0 0 0	0 1 0	0	0	2	1	0	0	0	1	0	0	0 0 1	1	0	0	0	1	1	0	0	0	0	0 0 1	0 0 1	1	0	1	0	1	1	0	1
0 0 1	1 0 0	0	0	0 0 0 1	0 0 1	0	0	5	1	1	0	1	1	1	0	0 0 0	0	0	0	0	2	0	1	0	0	0	0 0 0	0 0 1	1	0	0	1	1	1	1	0
0 1 1	0 0 1	0	0	0 0 1 1	0 0 0	0	2	2	1	0	0	0	1	0	0	0 0 1	0	0	0	0	0	0	0	0	0	0	0 0 1	1 0 0	0	1	1	1	0	0	0	1
0 1 1	0 0 1	0	0	0 1 1 0	0 0 0	0	2	2	0	0	1	0	1	0	0	1 0 0	0	0	0	0	0	0	0	0	0	0	1 0 0	0 1 0	1	0	0	0	1	1	1	1
1 0 0	0 0 1	236	13	1 0 1 0	1 0 1	0	6	5	1	0	0	1	1	1	0	0 1 1	1	0	0	0	0	0	0	0	1	0	1 1 0	0 0 1	1	0	1	1	0	0	1	0
1 1 0	0 1 0	30	0	0 0 0 1	0 0 1	0	0	4	0	1	1	1	1	0	0	0 0 0	0	0	0	0	5	0	1	0	0	0	0 1 0	0 0 0	1	0	0	1	0	1	1	0
1 0 1	0 0 1	804	84	0 1 1 0	0 1 0	1	0	2	0	1	0	0	1	0	0	0 0 0	0	0	0	0	1	1	0	0	0	0	1 0 0	0 0 0	1	0	0	0	0	0	1	1
0 0 1	1 0 0	0	0	0 0 0 1	0 0 1	0	0	6	1	1	1	1	1	0	0	1 0 0	0	0	0	0	0	0	0	1	1	1	1 0 0	1 0 0	1	0	1	1	0	1	0	1
1 0 1	0 0 1	288	2	1 0 0 0	0 1 0	0	3	4	1	0	1	0	1	1	0	0 0 1	0	0	0	0	1	0	1	0	0	0	0 0 1	1 1 0	1	0	0	1	1	0	1	0
0 0 1	1 0 0	0	0	0 0 0 1	0 0 1	0	0	3	1	1	0	1	0	0	0	0 1 1	1	0	0	0	7	0	1	0	1	0	0 0 1	0 0 1	0	1	0	0	0	1	0	1
1 0 1	0 0 1	18	2	1 0 0 0	0 1 0	0	3	4	1	1	0	0	1	1	0	0 0 0	0	0	0	0	0	0	0	0	0	0	0 0 0	0 0 1	0	1	0	1	1	1	1	0
1 0 0	1 0 0	246	6	0 0 1 1	0 1 0	3	0	3	1	1	0	1	0	0	0	0 1 1	0	0	0	0	0	0	0	0	0	0	0 0 1	0 0 0	0	1	0	0	1	0	0	0
1 1 0	0 1 0	268	2	0 0 0 1	0 0 1	0	0	3	1	0	1	0	1	0	0	0 1 0	0	1	1	1	4	0	0	0	0	0	1 0 0	0 1 0	0	1	1	1	1	0	1	0
1 0 1	0 0 1	181	6	1 0 1 0	0 1 1	0	0	2	1	0	0	1	0	0	0	0 0 1	0	0	0	0	0	0	0	1	0	0	0 0 1	0 0 1	0	1	0	1	1	0	1	1
0 1 1	0 0 1	3	0	0 1 0 0	0 0 0	0	3	3	1	0	1	0	1	0	0	0 0 1	0	0	0	0	0	0	0	0	0	0	0 0 1	0 1 0	0	1	1	0	0	1	0	1
1 0 1	0 0 1	781	45	1 0 0 1	0 1 0	0	0	2	1	0	0	0	1	0	0	0 0 1	0	0	0	0	1	1	0	0	0	0	0 0 1	0 0 1	1	0	1	0	1	1	1	0
